D

90 938,000 656,600 630,336 560,336 543,526 516,350 469,409

100 1,057,000 739,900 710,304 640,304 621,095 590,040 536,400

120 1,221,000 854,700 820,512 750,512 727,997 691,597 628,724

ee aks liking’ 140 1,424,000 996,800 956,928 886,928 860,320 817,304 743,004
160 1,590,000 1,113,000 1,068,480 943,480 915,176 869,417 790,379

180 1,783,000 1,248,100 1,198,176 1,073,176 1,040,981 988,932 899,029

200 2,030,000 1,421,000 1,364,160 1,239,160 1,201,985 1,141,886 1,038,078

90 652,000 456,400 438,144 368,144 357,100 339,245 308,404

100 735,000 514,500 493,920 423,920 411,202 390,642 355,129

120 849,000 594,300 570,528 500,528 485,512 461,237 419,306

il (eka Guiltina] 140 990,000 693,000 665,280 595,280 577,422 548,551 498,682
160 1,104,000 772,800 741,888 616,888 598,381 568,462 516,784

180 1,240,000 868,000 833,280 708,280 687,032 652,680 593,345

200 1,411,000 987,700 948,192 823,192 798,496 758,571 689,610

90 1,325,000 927,500 890,400 820,400 795,788 755,999 687,271

100 1,566,000 1,096,200 1,052,352 982,352 952,881 905,237 822,943

120 1,806,000 1,264,200 1,213,632 1,143,632 1,109,323 1,053,857 958,052

GRAND EXCLUSIVE "749 2,205,000 1,543,500 1,481,760 1,411,760 1,369,407 1,300,937 1,182,670
Tao Geket Quilting) eo 2,348,000 1,643,600 1,577,856 1,452,856 1,409,270 1,338,807 1,217,097
180 2,662,000 1,863,400 1,788,864 1,663,864 1,613,948 1,533,251 1,393,864

200 3,039,000 2,127,300 2,042,208 1,917,208 1,859,692 1,766,707 1,606,097


D

90

469,409

938,000

656,600

630,336

560,336

543,526

516,350

100

1,057,000

739,900

710,304

640,304

621,095

590,040

536,400

120

1,221,000

854,700

820,512

750,512

727,997

691,597

628,724

GRAND EXCLUSIVE T

20 (Jakat Quilting)

140

1,424,000

996,800

956,928

886,928

860,320

817,304

743,004

60

1,590,000

1,113,000

1,068,480

943,480

790,379

915,176

869,417

180

1,783,000

1,248,100

1,198,176

1,073,176

1,040,981

988,932

899,029

200

2,030,000

1,421,000

1,364,160

1,239,160

1,201,985

1,141,886

1,038,078

90

652,000

456,400

438,144

368,144

357,100

339,245

308,404

100

735,000

514,500

493,920

423,920

411,202

390,642

355,129

20

849,000

594,300

570,528

500,528

485,512

461,237

419,306

GRAND EXCLUSIVE

40

990,000

693,000

665,280

595,280

577,422

548,551

498,682

T14 (Jakat Quilting)

60

1,104,000

772,800

741,888

616,888

598,381

568,462

516,784

180

1,240,000

868,000

833,280

708,280

687,032

652,680

593,345

200

1,411,000

987,700

948,192

823,192

798,496

758,571

689,610

90

1,325,000

927,500

890,400

820,400

795,788

755,999

687,271

100

1,566,000

1,096,200

1,052,352

982,352

952,881

905,237

822,943

120

1,806,000

1,264,200

1,213,632

1,143,632

1,109,323

1,053,857

958,052

GRAND EXCLUSIVE

140

2,205,000

1,543,500

1,481,760

730 (Jakat Quilting)

1,411,760

1,369,407

1,300,937

1,182,670

60

2,348,000

1,643,600

1,577,856

1,452,856

1,409,270

1,217,097

1,338,807

180

2,662,000

1,863,400

1,788,864

1,663,864

1,613,948

1,533,251

1,393,864

200

3,039,000

2,127,300

2,042,208

1,917,208

1,859,692

1,766,707

1,606,097

ce ce

ee

ee ea

Ba
